%YAML:1.0
calibration_time: "Tue 26 May 2015 13:50:43 BST"
nframes: 10
image_width: 640
image_height: 480
board_width: 6
board_height: 4
square_size: 2.5000000372529030e-02
flags: 0
camera_matrix: !!opencv-matrix
   rows: 3
   cols: 3
   dt: d
   data: [ 5.0264057158022695e+02, 0., 3.0497440573533459e+02, 0.,
       5.0063567435814065e+02, 2.7007741232161243e+02, 0., 0., 1. ]
distortion_coefficients: !!opencv-matrix
   rows: 5
   cols: 1
   dt: d
   data: [ 3.5359916158390389e-02, 6.2073324537136938e-02,
       1.1336111008516461e-03, 5.6859735313451610e-03,
       -3.1594076678351668e-01 ]
avg_reprojection_error: 1.2003350536167785e+00
per_view_reprojection_errors: !!opencv-matrix
   rows: 10
   cols: 1
   dt: f
   data: [ 1.11410856e+00, 1.52830660e+00, 2.05118179e+00,
       8.29538226e-01, 9.19290125e-01, 1.14366984e+00, 1.03137314e+00,
       1.13498449e+00, 9.71225560e-01, 6.98089182e-01 ]
# a set of 6-tuples (rotation vector + translation vector) for each view
extrinsic_parameters: !!opencv-matrix
   rows: 10
   cols: 6
   dt: d
   data: [ -7.2492763738393598e-02, 9.1784802779609542e-02,
       2.8448479302471841e-02, -9.4160729438073937e-02,
       -1.0224154751077298e-01, 3.0550233462633630e-01,
       -1.5227142653091960e-01, 5.4213872990123801e-01,
       -3.6898080388086472e-02, -5.6971009853438594e-02,
       -4.1883382571052050e-02, 3.5196528626601553e-01,
       -4.0754458858049553e-01, 8.8055081713222372e-01,
       3.9975599032538639e-02, -3.0249513824246028e-02,
       -5.1702526739808283e-02, 3.7126741062902840e-01,
       -3.6566999736815670e-01, 3.7538754468572477e-01,
       -8.5034411635365925e-01, -2.7924378933002401e-02,
       -1.0306081071193565e-02, 3.3556522031806574e-01,
       -1.1115116234777618e-01, 1.5406172595152895e-01,
       -2.3602835801738870e-01, -4.4751167411099774e-02,
       -3.9555019279186858e-02, 3.1101889362042107e-01,
       -4.5261489944152973e-02, -5.0440522981404923e-01,
       -2.1262110919444441e-02, -3.3833419838357824e-02,
       -4.8345302468992511e-02, 2.5914783266444996e-01,
       2.2344159497201208e-01, -2.5434387933948804e-01,
       3.9367539453373185e-01, -5.2475114483364102e-02,
       -6.6571694733119538e-02, 2.7272767349157145e-01,
       1.4839882422697709e-01, -1.4834899660248269e-01,
       3.0969751039673682e-01, -4.7048299994734380e-02,
       -6.5051182800910004e-02, 2.8005050786924501e-01,
       4.6576720828820517e-01, 2.3295246998267412e-03,
       -1.5044992888325998e-01, -5.6878222629048972e-02,
       -5.9603901010166535e-02, 2.8091345810735419e-01,
       1.7780040461406890e-01, 2.8132561367079384e-01,
       -7.8825081644470185e-01, -5.4143477345498785e-02,
       -4.5725027738206268e-02, 2.9219391535758604e-01 ]
image_points: !!opencv-matrix
   rows: 10
   cols: 24
   dt: "2f"
   data: [ 1.49330338e+02, 1.03076530e+02, 1.91192856e+02,
       1.01553352e+02, 2.29714447e+02, 1.02046555e+02, 2.73293762e+02,
       1.01630219e+02, 3.13330902e+02, 1.01170052e+02, 3.58254303e+02,
       1.00254128e+02, 1.49038300e+02, 1.42186035e+02, 1.87513611e+02,
       1.42527054e+02, 2.29963165e+02, 1.41929092e+02, 2.69705994e+02,
       1.42734589e+02, 3.13941040e+02, 1.42402298e+02, 3.55137543e+02,
       1.42850296e+02, 1.44913467e+02, 1.83134659e+02, 1.87262222e+02,
       1.82865997e+02, 2.26106506e+02, 1.84511307e+02, 2.70118896e+02,
       1.84078766e+02, 3.10624084e+02, 1.85456696e+02, 3.56035095e+02,
       1.84506821e+02, 1.44374786e+02, 2.23652374e+02, 1.83489365e+02,
       2.26179840e+02, 2.26558578e+02, 2.24931259e+02, 2.66666107e+02,
       2.26767639e+02, 3.11332031e+02, 2.26549789e+02, 3.52990845e+02,
       2.28448563e+02, 2.22105469e+02, 2.10334854e+02, 2.54043808e+02,
       2.05491013e+02, 2.79836975e+02, 1.99777344e+02, 3.18116241e+02,
       1.95211655e+02, 3.52898529e+02, 1.87586258e+02, 3.94178253e+02,
       1.80784576e+02, 2.23723160e+02, 2.46430328e+02, 2.51979538e+02,
       2.41531494e+02, 2.83404083e+02, 2.37666901e+02, 3.16456940e+02,
       2.32721191e+02, 3.54757599e+02, 2.28338669e+02, 3.91691956e+02,
       2.22752899e+02, 2.21662766e+02, 2.80422119e+02, 2.52144699e+02,
       2.78371155e+02, 2.79188110e+02, 2.75553467e+02, 3.17846436e+02,
       2.72913574e+02, 3.52372528e+02, 2.70300568e+02, 3.95563080e+02,
       2.67149872e+02, 2.21532242e+02, 3.17996307e+02, 2.47917160e+02,
       3.16596985e+02, 2.82475342e+02, 3.15358093e+02, 3.16021545e+02,
       3.14073669e+02, 3.55254303e+02, 3.12536896e+02, 3.95051971e+02,
       3.11729279e+02, 2.66157135e+02, 2.00385971e+02, 2.85717712e+02,
       1.92020767e+02, 3.05641449e+02, 1.82016220e+02, 3.36116058e+02,
       1.72219254e+02, 3.56672272e+02, 1.60568954e+02, 3.98398346e+02,
       1.46360626e+02, 2.56273712e+02, 2.31568863e+02, 2.78379852e+02,
       2.22956757e+02, 3.00451324e+02, 2.16217575e+02, 3.22603699e+02,
       2.05689835e+02, 3.57614502e+02, 1.97676773e+02, 3.89842438e+02,
       1.85612183e+02, 2.47822327e+02, 2.60785675e+02, 2.69525177e+02,
       2.56990814e+02, 2.90514160e+02, 2.50360489e+02, 3.19652679e+02,
       2.44711761e+02, 3.46848541e+02, 2.35681717e+02, 3.83827484e+02,
       2.28205963e+02, 2.39710724e+02, 2.95828644e+02, 2.58712921e+02,
       2.91813507e+02, 2.83652496e+02, 2.88613708e+02, 3.09149017e+02,
       2.82652130e+02, 3.41251801e+02, 2.78731995e+02, 3.74908844e+02,
       2.71337585e+02, 2.62746643e+02, 2.55712936e+02, 2.85688629e+02,
       2.24261459e+02, 3.07754944e+02, 1.95312561e+02, 3.32835724e+02,
       1.62764038e+02, 3.56539246e+02, 1.31576706e+02, 3.82223999e+02,
       9.64571304e+01, 2.87497742e+02, 2.77233734e+02, 3.10094452e+02,
       2.47539566e+02, 3.34496124e+02, 2.14813766e+02, 3.59457214e+02,
       1.84506622e+02, 3.85711121e+02, 1.49755341e+02, 4.11885406e+02,
       1.16725395e+02, 3.12086060e+02, 3.02594635e+02, 3.37636475e+02,
       2.70342407e+02, 3.62320526e+02, 2.39483414e+02, 3.89479370e+02,
       2.05127640e+02, 4.16004425e+02, 1.72360504e+02, 4.44882477e+02,
       1.35365921e+02, 3.40737030e+02, 3.28258057e+02, 3.65964783e+02,
       2.97321136e+02, 3.93449005e+02, 2.62707062e+02, 4.20533508e+02,
       2.30183334e+02, 4.50172333e+02, 1.93449417e+02, 4.79598785e+02,
       1.58408066e+02, 2.32042374e+02, 2.06679916e+02, 2.72187805e+02,
       1.95549789e+02, 3.09542572e+02, 1.85254410e+02, 3.51717621e+02,
       1.74386581e+02, 3.91387939e+02, 1.62779343e+02, 4.35939545e+02,
       1.50069107e+02, 2.41983887e+02, 2.45229965e+02, 2.79149353e+02,
       2.34576065e+02, 3.20819519e+02, 2.23913742e+02, 3.60129639e+02,
       2.14106720e+02, 4.03694580e+02, 2.02418991e+02, 4.45363098e+02,
       1.91277008e+02, 2.48757050e+02, 2.84508453e+02, 2.90006134e+02,
       2.74554596e+02, 3.28628906e+02, 2.64495667e+02, 3.71827759e+02,
       2.54250076e+02, 4.12674805e+02, 2.43689545e+02, 4.58606323e+02,
       2.32209747e+02, 2.59019592e+02, 3.24845520e+02, 2.97358612e+02,
       3.15368500e+02, 3.40126709e+02, 3.05539948e+02, 3.80384796e+02,
       2.95702515e+02, 4.25626434e+02, 2.85331482e+02, 4.68694977e+02,
       2.75342041e+02, 2.38694183e+02, 1.77320389e+02, 2.84166931e+02,
       1.79382370e+02, 3.21517059e+02, 1.84360596e+02, 3.58869293e+02,
       1.86523560e+02, 3.92404633e+02, 1.89616776e+02, 4.25431396e+02,
       1.91553986e+02, 2.42225815e+02, 2.24582062e+02, 2.83248749e+02,
       2.26691711e+02, 3.25473602e+02, 2.26595291e+02, 3.59603424e+02,
       2.29349716e+02, 3.95457001e+02, 2.29504700e+02, 4.26540161e+02,
       2.32670746e+02, 2.41310669e+02, 2.73261780e+02, 2.86837891e+02,
       2.72525818e+02, 3.24470917e+02, 2.72752289e+02, 3.62992462e+02,
       2.71133606e+02, 3.94960938e+02, 2.71614624e+02, 4.28653198e+02,
       2.71004883e+02, 2.44484116e+02, 3.21832520e+02, 2.85708801e+02,
       3.19577698e+02, 3.28041870e+02, 3.16863312e+02, 3.62662170e+02,
       3.14354034e+02, 3.98461060e+02, 3.12597748e+02, 4.29292297e+02,
       3.10405304e+02, 2.07605530e+02, 1.47773819e+02, 2.52130859e+02,
