%YAML:1.0
calibration_time: "Sat 23 May 2015 22:21:44 BST"
nframes: 10
image_width: 640
image_height: 480
board_width: 4
board_height: 6
square_size: 2.5000000372529030e-02
flags: 0
camera_matrix: !!opencv-matrix
   rows: 3
   cols: 3
   dt: d
   data: [ 6.6152959227631527e+02, 0., 3.2552729527372776e+02, 0.,
       6.5863162356591965e+02, 2.7699119091532873e+02, 0., 0., 1. ]
distortion_coefficients: !!opencv-matrix
   rows: 5
   cols: 1
   dt: d
   data: [ 2.3487119657958738e-01, -2.0246617301439045e+00,
       7.8961511366100502e-03, 9.7180134047838930e-04,
       6.2692066507974928e+00 ]
avg_reprojection_error: 1.0030882375585721e+00
per_view_reprojection_errors: !!opencv-matrix
   rows: 10
   cols: 1
   dt: f
   data: [ 8.56023312e-01, 1.16392231e+00, 1.01100194e+00,
       1.01881516e+00, 6.03268623e-01, 1.28509259e+00, 9.90498662e-01,
       1.03384638e+00, 9.58647072e-01, 9.64330614e-01 ]
# a set of 6-tuples (rotation vector + translation vector) for each view
extrinsic_parameters: !!opencv-matrix
   rows: 10
   cols: 6
   dt: d
   data: [ -9.7920246864730234e-02, 1.0513345309747382e-01,
       1.5302093579890370e+00, 5.6491315068280784e-02,
       -4.0021039100522578e-02, 2.8047196592518125e-01,
       -2.0798338104676364e-01, -3.8087901425738180e-01,
       -1.5308703819312863e+00, -8.6650979936263417e-02,
       2.8019811784163264e-02, 2.9801652467236417e-01,
       -4.8599868456743878e-01, 5.3982088933234240e-01,
       -1.3356098615759313e+00, -8.3831387534310645e-02,
       1.4877612986037431e-02, 3.7310221672261640e-01,
       -2.9758148086553082e-01, 3.5677522248858812e-01,
       -1.4281968049972849e+00, -1.0268852501175152e-01,
       1.8211431870089154e-02, 3.5426475228318199e-01,
       -1.6562095776523600e-01, -8.8426563591793052e-03,
       -1.4674081155146548e+00, -1.3333904558895851e-01,
       2.1933087802879340e-02, 3.2252407400417288e-01,
       5.2671893520151301e-02, 4.8927602148958749e-01,
       1.5349457469027801e+00, 1.2847524571339908e-02,
       -2.2072912007704403e-02, 3.4904494299755440e-01,
       -3.2949560923096394e-01, -1.2548433902718595e-01,
       -1.5182246339483108e+00, -8.8144285432885314e-02,
       5.0286678518082314e-02, 3.7911429981877615e-01,
       -2.8633250915417380e-01, -6.8885721014518675e-01,
       -1.4547869227960608e+00, -9.6972602928588766e-02,
       4.1441420222102031e-02, 3.5318058368538252e-01,
       -6.2772791214176427e-01, 3.9727499451952436e-01,
       9.9749251051187426e-01, -2.3826200733507632e-02,
       -2.4658472661180344e-02, 4.2045931162751543e-01,
       -6.1655762460685115e-01, 3.9805564583682401e-01,
       1.0121186769865220e+00, -2.1743728287077858e-02,
       -2.4981688786040825e-02, 4.1755786611266998e-01 ]
image_points: !!opencv-matrix
   rows: 10
   cols: 24
   dt: "2f"
   data: [ 4.59961365e+02, 1.82448837e+02, 4.62990265e+02,
       2.40899811e+02, 4.68448395e+02, 2.99883514e+02, 4.71676727e+02,
       3.62036163e+02, 3.98969604e+02, 1.85619232e+02, 4.03727905e+02,
       2.43048904e+02, 4.05996887e+02, 3.02634064e+02, 4.11089020e+02,
       3.63536560e+02, 3.41522491e+02, 1.87603897e+02, 3.42287018e+02,
       2.45524979e+02, 3.46674225e+02, 3.04460449e+02, 3.47512665e+02,
       3.66069000e+02, 2.80746948e+02, 1.89605148e+02, 2.84584015e+02,
       2.47043777e+02, 2.84892670e+02, 3.07270813e+02, 2.88321991e+02,
       3.67667023e+02, 2.23640182e+02, 1.91282822e+02, 2.23166534e+02,
       2.50150421e+02, 2.25500809e+02, 3.09409058e+02, 2.24888840e+02,
       3.70819092e+02, 1.62806686e+02, 1.94402451e+02, 1.64640686e+02,
       2.51881622e+02, 1.63163376e+02, 3.12346375e+02, 1.63982635e+02,
       3.73111420e+02, 1.32363190e+02, 3.39731995e+02, 1.35576950e+02,
       2.87400238e+02, 1.43723907e+02, 2.38770752e+02, 1.46619720e+02,
       1.92778595e+02, 1.86915039e+02, 3.40909485e+02, 1.93659531e+02,
       2.89567566e+02, 1.95782333e+02, 2.41190277e+02, 2.00938095e+02,
       1.94725769e+02, 2.45863968e+02, 3.42506775e+02, 2.45817505e+02,
       2.91256836e+02, 2.50333603e+02, 2.42658905e+02, 2.50213043e+02,
       1.98031723e+02, 2.98045197e+02, 3.43976013e+02, 3.01190613e+02,
       2.93067566e+02, 2.99421082e+02, 2.45418518e+02, 3.01799988e+02,
       2.00269638e+02, 3.54152283e+02, 3.44904327e+02, 3.51078247e+02,
       2.95330688e+02, 3.51646179e+02, 2.47699493e+02, 3.49054260e+02,
       2.02602737e+02, 4.04732910e+02, 3.47051880e+02, 4.04573639e+02,
       2.96502686e+02, 4.00107422e+02, 2.50023270e+02, 3.99657867e+02,
       2.04182632e+02, 1.76598328e+02, 3.03495331e+02, 1.81312454e+02,
       2.60357788e+02, 1.88406586e+02, 2.15219604e+02, 1.92674957e+02,
       1.70969894e+02, 2.04040375e+02, 3.12883240e+02, 2.12644562e+02,
       2.66439301e+02, 2.17280930e+02, 2.20619659e+02, 2.25163162e+02,
       1.73581192e+02, 2.38466339e+02, 3.22165344e+02, 2.42716827e+02,
       2.75303680e+02, 2.51405197e+02, 2.26447678e+02, 2.56371185e+02,
       1.78043106e+02, 2.72031982e+02, 3.33220734e+02, 2.80597076e+02,
       2.82789917e+02, 2.86665680e+02, 2.33009689e+02, 2.95908722e+02,
       1.82048126e+02, 3.11807953e+02, 3.44719177e+02, 3.17536072e+02,
       2.92238556e+02, 3.27725586e+02, 2.39765564e+02, 3.33692322e+02,
       1.86190903e+02, 3.52372681e+02, 3.57761292e+02, 3.62771057e+02,
       3.03024109e+02, 3.69388580e+02, 2.47272720e+02, 3.79864105e+02,
       1.91075272e+02, 1.32746201e+02, 3.11004883e+02, 1.35592102e+02,
       2.65112701e+02, 1.41953369e+02, 2.17744171e+02, 1.44498138e+02,
       1.71244751e+02, 1.68998840e+02, 3.18698730e+02, 1.76210022e+02,
       2.69583313e+02, 1.78575928e+02, 2.22343735e+02, 1.85294937e+02,
       1.73509048e+02, 2.11831558e+02, 3.25478088e+02, 2.14504211e+02,
       2.76593170e+02, 2.21270187e+02, 2.26610779e+02, 2.23861450e+02,
       1.76500732e+02, 2.53272995e+02, 3.32898376e+02, 2.59892853e+02,
       2.82043579e+02, 2.64040466e+02, 2.31274567e+02, 2.70866547e+02,
       1.79752304e+02, 3.00661865e+02, 3.41042358e+02, 3.04439911e+02,
       2.88912659e+02, 3.11535950e+02, 2.36241547e+02, 3.15581512e+02,
       1.83046234e+02, 3.47754639e+02, 3.50045044e+02, 3.55457764e+02,
       2.95456024e+02, 3.59308929e+02, 2.41089798e+02, 3.66617676e+02,
       1.86238358e+02, 4.84291115e+01, 3.23450562e+02, 5.68330612e+01,
       2.72220673e+02, 6.54320984e+01, 2.22061874e+02, 7.23443985e+01,
       1.72783051e+02, 9.84067459e+01, 3.28630341e+02, 1.06872375e+02,
       2.76545044e+02, 1.13138687e+02, 2.25482849e+02, 1.21286835e+02,
       1.76495743e+02, 1.49797348e+02, 3.33164429e+02, 1.55650040e+02,
       2.81500061e+02, 1.63471985e+02, 2.29812134e+02, 1.70058105e+02,
       1.80836609e+02, 2.01026245e+02, 3.38628632e+02, 2.06465302e+02,
       2.86349396e+02, 2.13296082e+02, 2.34807724e+02, 2.19806717e+02,
       1.85646347e+02, 2.51969559e+02, 3.43597717e+02, 2.58285675e+02,
       2.90688660e+02, 2.65300507e+02, 2.39381592e+02, 2.70173126e+02,
       1.88547440e+02, 3.04496704e+02, 3.48538391e+02, 3.10729248e+02,
       2.95805115e+02, 3.17179077e+02, 2.44344635e+02, 3.22571167e+02,
       1.92900604e+02, 3.50599579e+02, 2.35627289e+02, 3.47270142e+02,
       2.81249298e+02, 3.48048462e+02, 3.28422302e+02, 3.45013672e+02,
       3.77813690e+02, 3.04326691e+02, 2.38751266e+02, 3.04632874e+02,
       2.83686707e+02, 2.99671265e+02, 3.29634918e+02, 2.99880951e+02,
       3.78183868e+02, 2.64554108e+02, 2.41740616e+02, 2.59489471e+02,
       2.85460938e+02, 2.58348114e+02, 3.30895081e+02, 2.53172150e+02,
       3.78613800e+02, 2.22358932e+02, 2.46157181e+02, 2.19135986e+02,
       2.87610931e+02, 2.14224640e+02, 3.33213959e+02, 2.12333969e+02,
       3.79200684e+02, 1.82942444e+02, 2.46689911e+02, 1.78982071e+02,
       2.90354553e+02, 1.75277588e+02, 3.33552399e+02, 1.69816055e+02,
       3.80335175e+02, 1.49638763e+02, 2.53382126e+02, 1.41438293e+02,
       2.91648590e+02, 1.35757751e+02, 3.34816345e+02, 1.30425140e+02,
       3.80405151e+02, 1.70256302e+02, 3.65640808e+02, 1.74758438e+02,
