%YAML:1.0
aruco_bc_nmarkers: 10
aruco_bc_mInfoType: 0
aruco_bc_markers:
   - { id:439, corners:[ [ -290., -110., 0. ], [ -190., -110., 0. ], [
       -190., -10., 0. ], [ -290., -10., 0. ] ] }
   - { id:943, corners:[ [ -170., -110., 0. ], [ -70., -110., 0. ], [
       -70., -10., 0. ], [ -170., -10., 0. ] ] }
   - { id:532, corners:[ [ -50., -110., 0. ], [ 50., -110., 0. ], [ 50.,
       -10., 0. ], [ -50., -10., 0. ] ] }
   - { id:715, corners:[ [ 70., -110., 0. ], [ 170., -110., 0. ], [ 170.,
       -10., 0. ], [ 70., -10., 0. ] ] }
   - { id:571, corners:[ [ 190., -110., 0. ], [ 290., -110., 0. ], [
       290., -10., 0. ], [ 190., -10., 0. ] ] }
   - { id:759, corners:[ [ -290., 10., 0. ], [ -190., 10., 0. ], [ -190.,
       110., 0. ], [ -290., 110., 0. ] ] }
   - { id:647, corners:[ [ -170., 10., 0. ], [ -70., 10., 0. ], [ -70.,
       110., 0. ], [ -170., 110., 0. ] ] }
   - { id:603, corners:[ [ -50., 10., 0. ], [ 50., 10., 0. ], [ 50.,
       110., 0. ], [ -50., 110., 0. ] ] }
   - { id:221, corners:[ [ 70., 10., 0. ], [ 170., 10., 0. ], [ 170.,
       110., 0. ], [ 70., 110., 0. ] ] }
   - { id:535, corners:[ [ 190., 10., 0. ], [ 290., 10., 0. ], [ 290.,
       110., 0. ], [ 190., 110., 0. ] ] }
